[{"id": 0, "img_name": "0001", "width": 1877, "height": 1055, "position": [0.24110514714252285, -0.5070635791273287, 3.2688796703514136], "rotation": [[-0.9994062308872824, -0.011240728041755924, 0.0325704113693193], [0.004071366831334778, 0.9001386804100097, 0.43558441202808357], [-0.03421417302522609, 0.4354583815507721, -0.8995584407371104]], "fy": 1829.4074775677102, "fx": 1828.907575651661}, {"id": 1, "img_name": "0002", "width": 1877, "height": 1055, "position": [0.4905663873433056, -0.42303006920449127, 3.117266405261633], "rotation": [[-0.997681729083283, -0.006189031857597036, -0.06777066723927243], [-0.03502665172333047, 0.9005185559064937, 0.4334045040572788], [0.05834638911229259, 0.43477353455879647, -0.8986476909917521]], "fy": 1829.4074775677102, "fx": 1828.907575651661}, {"id": 2, "img_name": "0003", "width": 1877, "height": 1055, "position": [0.7089345722477507, -0.42990213815465156, 3.002785703583199], "rotation": [[-0.9920603303936668, 0.009021207586916003, -0.12543890414413575], [-0.046541965612688876, 0.900272314331249, 0.4328320753890176], [0.11683384054337681, 0.4352337048785752, -0.8927045848664348]], "fy": 1829.4074775677102, "fx": 1828.907575651661}, {"id": 3, "img_name": "0004", "width": 1877, "height": 1055, "position": [0.9299486816475233, -0.3457201318484734, 2.8306516187626283], "rotation": [[-0.9803980243062685, 0.04026029838694094, -0.1928699621770048], [-0.047850833593321096, 0.9009384877983541, 0.4313005204356232], [0.1911282597126575, 0.43207516658263245, -0.8813518246204525]], "fy": 1829.4074775677102, "fx": 1828.907575651661}, {"id": 4, "img_name": "0005", "width": 1877, "height": 1055, "position": [1.161105699723498, -0.35879160538896876, 2.7772531049374063], "rotation": [[-0.9599030605393845, 0.07544250446648235, -0.2699898940459583], [-0.0506624928346923, 0.9005628941929663, 0.43176357584048597], [0.2757162058836908, 0.42812953895125383, -0.8606309730020699]], "fy": 1829.4074775677102, "fx": 1828.907575651661}, {"id": 5, "img_name": "0006", "width": 1877, "height": 1055, "position": [1.3556089551368953, -0.3822077880977296, 2.722734730328729], "rotation": [[-0.93783859384694, 0.11578335903578303, -0.3271895255988262], [-0.038879607971504145, 0.9017332404464363, 0.4305409842952837], [0.34488715252264196, 0.4164989517926312, -0.8411786226363954]], "fy": 1829.4074775677102, "fx": 1828.907575651661}, {"id": 6, "img_name": "0007", "width": 1877, "height": 1055, "position": [1.555924645962981, -0.31332753213340714, 2.565004735355169], "rotation": [[-0.9236361752394403, 0.13858667408628636, -0.35733730501412586], [-0.03144439540725272, 0.9017939525858026, 0.4310207849711509], [0.38197835774625943, 0.4093426447920816, -0.8285717430422627]], "fy": 1829.4074775677102, "fx": 1828.907575651661}, {"id": 7, "img_name": "0008", "width": 1877, "height": 1055, "position": [1.7547257265577856, -0.15380356806968645, 2.337286498644199], "rotation": [[-0.8876506945051912, 0.170427020981534, -0.42782107833042915], [-0.03204988302984764, 0.9038863798586997, 0.42657029585252115], [0.4594007504806936, 0.39235703488696894, -0.7968732067477743]], "fy": 1829.4074775677102, "fx": 1828.907575651661}, {"id": 8, "img_name": "0009", "width": 1877, "height": 1055, "position": [1.8300269060127328, -0.34752891465576413, 2.0865398592714435], "rotation": [[-0.8331163727257418, 0.20999217414906746, -0.511683883166599], [-0.021912225405385878, 0.9118663454085909, 0.40990196692497566], [0.5526635177701578, 0.35270817244193264, -0.7550893862441622]], "fy": 1829.4074775677102, "fx": 1828.907575651661}, {"id": 9, "img_name": "0010", "width": 1877, "height": 1055, "position": [2.2623938527887795, -0.9781842189930333, 2.2515422040652178], "rotation": [[-0.8310782983365038, 0.21122837281315907, -0.5144817164417078], [-0.03668080379067061, 0.9022359472840386, 0.4296798972045865], [0.5549444843111527, 0.3759692406928774, -0.7420806892686601]], "fy": 1829.4074775677102, "fx": 1828.907575651661}, {"id": 10, "img_name": "0011", "width": 1877, "height": 1055, "position": [2.735916355375264, -0.9611391090373872, 2.3539721269475264], "rotation": [[-0.8397497181911578, 0.2127506576280059, -0.4995573725576685], [-0.0749057798890685, 0.8658509199792008, 0.49466282305261444], [0.5377820515200192, 0.4528127008488418, -0.7111618121165505]], "fy": 1829.4074775677102, "fx": 1828.907575651661}, {"id": 11, "img_name": "0012", "width": 1877, "height": 1055, "position": [3.12741681088334, -0.8369505627083992, 2.2771668680228982], "rotation": [[-0.7965807025041513, 0.2060939747666098, -0.568317215965602], [-0.13355842493404957, 0.8568677481266885, 0.4979355473848333], [0.5895942092042022, 0.4725494003648694, -0.6550387260976817]], "fy": 1829.4074775677102, "fx": 1828.907575651661}, {"id": 12, "img_name": "0013", "width": 1877, "height": 1055, "position": [3.2632892921637695, -0.36623659846020024, 2.017311054109768], "rotation": [[-0.7133017413719283, 0.20761447872237646, -0.6694003689725682], [-0.1964760354432794, 0.8575828180781838, 0.4753408015661731], [0.6727538875787086, 0.47058255212227823, -0.5709240478258184]], "fy": 1829.4074775677102, "fx": 1828.907575651661}, {"id": 13, "img_name": "0014", "width": 1877, "height": 1055, "position": [3.210210173597741, 0.005539786417836571, 1.6204824549529395], "rotation": [[-0.6431240847421779, 0.19939108665827315, -0.7393474191378296], [-0.22555999291574147, 0.8733441373266199, 0.4317322172285418], [0.7317882898901751, 0.4444245856818176, -0.5166939968890272]], "fy": 1829.4074775677102, "fx": 1828.907575651661}, {"id": 14, "img_name": "0015", "width": 1877, "height": 1055, "position": [3.2772315925030693, -0.036481954695099815, 1.2394179179878286], "rotation": [[-0.5704672417546843, 0.18095302794308402, -0.801138644532288], [-0.2471722880701113, 0.8923840193876904, 0.37756671192208635], [0.7832451634673451, 0.41340871255901146, -0.4643492761761477]], "fy": 1829.4074775677102, "fx": 1828.907575651661}, {"id": 15, "img_name": "0016", "width": 1877, "height": 1055, "position": [3.412300241307941, -0.27690651046573805, 1.0650617240026565], "rotation": [[-0.4785026005107465, 0.19140192553628854, -0.8569717406107704], [-0.23706348208437128, 0.9115543700740005, 0.3359606165326897], [0.845479844092386, 0.3639147335571797, -0.3908067296420585]], "fy": 1829.4074775677102, "fx": 1828.907575651661}, {"id": 16, "img_name": "0017", "width": 1877, "height": 1055, "position": [3.5793494539294004, -0.22134424883250162, 1.0985076444161832], "rotation": [[-0.41530739812857204, 0.21577634297490458, -0.8837196019507838], [-0.2126159771348391, 0.9215293070176044, 0.3249279652086776], [0.8844852804465846, 0.3228378944920041, -0.3368404407925158]], "fy": 1829.4074775677102, "fx": 1828.907575651661}, {"id": 17, "img_name": "0018", "width": 1877, "height": 1055, "position": [3.690692829937586, -0.14784686455639015, 0.985001415726877], "rotation": [[-0.3424838621852804, 0.24315570627509894, -0.907513144063771], [-0.2012065116506303, 0.9245360578509059, 0.32364952866162416], [0.9177258543879202, 0.29344229456464604, -0.267714168374774]], "fy": 1829.4074775677102, "fx": 1828.907575651661}, {"id": 18, "img_name": "0019", "width": 1877, "height": 1055, "position": [3.7654436906215722, -0.1368265957669564, 0.6092122062959298], "rotation": [[-0.3201239024462588, 0.24596703930147346, -0.914888464600929], [-0.20770570380636547, 0.923990620929754, 0.32109137802212906], [0.9243262560854151, 0.292816577418552, -0.24470272638449428]], "fy": 1829.4074775677102, "fx": 1828.907575651661}, {"id": 19, "img_name": "0020", "width": 1877, "height": 1055, "position": [3.820954218008556, -0.10544676246196899, 0.33860102398085806], "rotation": [[-0.26351770882797887, 0.2598908157652355, -0.92898610377924], [-0.2122937515415558, 0.9237906267824225, 0.31865693296294534], [0.9410046653393725, 0.28118968997781413, -0.18826199313646932]], "fy": 1829.4074775677102, "fx": 1828.907575651661}, {"id": 20, "img_name": "0021", "width": 1877, "height": 1055, "position": [3.840328451502169, -0.21206667919779476, 0.00621886079966211], "rotation": [[-0.19126429491717828, 0.2746053221925646, -0.9423427648755798], [-0.22800063954392882, 0.9213762718892156, 0.3147720984571058], [0.9546903570568803, 0.2750594165322254, -0.11361619391423776]], "fy": 1829.4074775677102, "fx": 1828.907575651661}, {"id": 21, "img_name": "0022", "width": 1877, "height": 1055, "position": [3.872915184668985, -0.22963692983583697, -0.38678812367926374], "rotation": [[-0.09118986389314548, 0.2970939804351783, -0.9504838638884572], [-0.23738357036227864, 0.920461017081029, 0.31048439019734153], [0.9671263874205929, 0.2539422824646179, -0.013411485057721717]], "fy": 1829.4074775677102, "fx": 1828.907575651661}, {"id": 22, "img_name": "0023", "width": 1877, "height": 1055, "position": [4.1757961339360525, -0.16387904967757347, -0.7179651242021904], "rotation": [[-0.01998574823196776, 0.32531603059379227, -0.9453941242182051], [-0.25262771182762706, 0.9132560192224238, 0.31959768861922194], [0.9673571259283439, 0.24522015331679117, 0.06393173955824753]], "fy": 1829.4074775677102, "fx": 1828.907575651661}, {"id": 23, "img_name": "0024", "width": 1877, "height": 1055, "position": [4.383990737903672, -0.20390178548457003, -0.8808045642242951], "rotation": [[0.05180583694339579, 0.33530411133366456, -0.94068448917867], [-0.26019870079238244, 0.9139471274848829, 0.31144387017260033], [0.9641642968729708, 0.22863027158465418, 0.13459349000073076]], "fy": 1829.4074775677102, "fx": 1828.907575651661}, {"id": 24, "img_name": "0025", "width": 1877, "height": 1055, "position": [4.330834177179934, -0.22732314803577025, -1.2061095161784516], "rotation": [[0.11469986259054478, 0.33421968045585115, -0.9354897897452963], [-0.2386610654472191, 0.9233951239447409, 0.3006365595111056], [0.9643053652040458, 0.18878201786998952, 0.1856785188642634]], "fy": 1829.4074775677102, "fx": 1828.907575651661}, {"id": 25, "img_name": "0026", "width": 1877, "height": 1055, "position": [4.156079143262521, -0.007216289738923578, -1.5779017275660492], "rotation": [[0.1954230080092727, 0.3415915762701298, -0.919306827431351], [-0.23611707044068414, 0.9261950858659821, 0.2939581466199142], [0.9518710926313061, 0.1596178496879157, 0.26165543195945545]], "fy": 1829.4074775677102, "fx": 1828.907575651661}, {"id": 26, "img_name": "0027", "width": 1877, "height": 1055, "position": [3.858915665607201, 0.026957031840793955, -1.9087597013131554], "rotation": [[0.32355367895473053, 0.35252070873555014, -0.8780900675599538], [-0.2515140284332191, 0.9266644644686195, 0.279345062230175], [0.9121697815298162, 0.1304688476367903, 0.3884896001956487]], "fy": 1829.4074775677102, "fx": 1828.907575651661}, {"id": 27, "img_name": "0028", "width": 1877, "height": 1055, "position": [3.3866892690113923, -0.11076963704906696, -2.2658326228530807], "rotation": [[0.4565115289980757, 0.34696504810133444, -0.8192755820161356], [-0.24083749542009064, 0.9346391146376939, 0.26162382572893755], [0.8565013278983383, 0.07787798652575972, 0.510235724467698]], "fy": 1829.4074775677102, "fx": 1828.907575651661}, {"id": 28, "img_name": "0029", "width": 1877, "height": 1055, "position": [3.361682976016105, -0.13158188257979503, -2.4602896355955335], "rotation": [[0.5425662066028092, 0.33730318020541045, -0.7693168892439276], [-0.2205631804570281, 0.9409098556071058, 0.25698351512907497], [0.8105392000880143, 0.030252408907910235, 0.5849025533163199]], "fy": 1829.4074775677102, "fx": 1828.907575651661}, {"id": 29, "img_name": "0030", "width": 1877, "height": 1055, "position": [3.16863249582487, -0.2592383795483392, -2.7224601680437948], "rotation": [[0.6187631943614305, 0.31789801674136453, -0.7183821825849704], [-0.20438526647120378, 0.9481170850739714, 0.243517259840716], [0.7585240748671949, -0.003852783765389753, 0.6516336270513695]], "fy": 1829.4074775677102, "fx": 1828.907575651661}, {"id": 30, "img_name": "0031", "width": 1877, "height": 1055, "position": [3.265775623289732, -0.06469099195233051, -3.1182801007854], "rotation": [[0.6835874931517127, 0.28895941924994833, -0.6702317459157614], [-0.17644517726492015, 0.9564795070971587, 0.232409233730348], [0.7082197671814222, -0.040612886254355635, 0.7048229244594579]], "fy": 1829.4074775677102, "fx": 1828.907575651661}, {"id": 31, "img_name": "0032", "width": 1877, "height": 1055, "position": [3.293223386763299, 0.5022439168255318, -3.269357993604738], "rotation": [[0.7248289200837306, 0.24461620977764134, -0.6440387771899093], [-0.1542454836472862, 0.968730328647594, 0.19434474814807645], [0.6714397719711482, -0.04152662124885053, 0.7398947035511115]], "fy": 1829.4074775677102, "fx": 1828.907575651661}, {"id": 32, "img_name": "0033", "width": 1877, "height": 1055, "position": [3.182844043475837, 0.967682377512912, -3.5174097907121973], "rotation": [[0.7543794111288068, 0.19584339667594522, -0.6265437479086222], [-0.1449335178475565, 0.9805959097870031, 0.13200733734657247], [0.6402390018339142, -0.008776427942399882, 0.7681256374078953]], "fy": 1829.4074775677102, "fx": 1828.907575651661}, {"id": 33, "img_name": "0034", "width": 1877, "height": 1055, "position": [2.94985571697803, 0.8427254665676195, -3.7397317644098433], "rotation": [[0.8037919690056576, 0.14034304534514694, -0.5781196244595557], [-0.12336519814987583, 0.9899733735216796, 0.06880223545457927], [0.5819789501755624, 0.01601715771775777, 0.8130460947641249]], "fy": 1829.4074775677102, "fx": 1828.907575651661}, {"id": 34, "img_name": "0035", "width": 1877, "height": 1055, "position": [2.611372011595965, 0.9328008694602892, -3.8835320916039437], "rotation": [[0.8431561059774987, 0.10893978780229459, -0.5265167647724543], [-0.11038678708369536, 0.9934718075920602, 0.028784105980623302], [0.5262152964236215, 0.03385099929626705, 0.849677333848823]], "fy": 1829.4074775677102, "fx": 1828.907575651661}, {"id": 35, "img_name": "0036", "width": 1877, "height": 1055, "position": [2.2574169296913804, 1.0110154055063751, -3.894270222730253], "rotation": [[0.9039502072271557, 0.09813579914849503, -0.4162251647599753], [-0.10575773356439624, 0.9943804941287638, 0.004768090556792144], [0.41435410538005346, 0.03970891363059229, 0.9092490734298133]], "fy": 1829.4074775677102, "fx": 1828.907575651661}, {"id": 36, "img_name": "0037", "width": 1877, "height": 1055, "position": [1.8913109569917639, 0.8721068873869094, -3.7291617917117983], "rotation": [[0.940868852545528, 0.09408073316099656, -0.3254452610771137], [-0.10017419897993257, 0.9949679495087341, -0.0019771972875308823], [0.32362158792081563, 0.03446150168339021, 0.9455588150577072]], "fy": 1829.4074775677102, "fx": 1828.907575651661}, {"id": 37, "img_name": "0038", "width": 1877, "height": 1055, "position": [1.6813715588756293, 0.8466772296377318, -3.7321062392979925], "rotation": [[0.9538320032703734, 0.08152135895271939, -0.2890653517316251], [-0.08627453030295604, 0.9962644660285701, -0.0037174117087625867], [0.28768248983598327, 0.028484763704654498, 0.9573021483724244]], "fy": 1829.4074775677102, "fx": 1828.907575651661}, {"id": 38, "img_name": "0039", "width": 1877, "height": 1055, "position": [1.6190605735795351, 0.7713906616987819, -4.03717083414371], "rotation": [[0.9663755530857923, 0.06134924941823356, -0.24970895056835382], [-0.06489676654768353, 0.9978740031627097, -0.00599028410712692], [0.2488105706954282, 0.021994167587067313, 0.9683024096336676]], "fy": 1829.4074775677102, "fx": 1828.907575651661}, {"id": 39, "img_name": "0040", "width": 1877, "height": 1055, "position": [1.4612708932328788, 0.7861792660498629, -4.258106651967039], "rotation": [[0.9800550212007269, 0.04155546178020711, -0.19433295915895668], [-0.04375293052771724, 0.9990176664718148, -0.007027314383648153], [0.19385003608325618, 0.015389791208578004, 0.9809104535262517]], "fy": 1829.4074775677102, "fx": 1828.907575651661}, {"id": 40, "img_name": "0041", "width": 1877, "height": 1055, "position": [1.227585279908052, 0.7124415037206323, -4.514863582708198], "rotation": [[0.9938619439019538, 0.008914981911328421, -0.11026767232942879], [-0.009683149833582554, 0.9999324252864434, -0.006432843078428928], [0.11020287234337399, 0.0074610963197098475, 0.9938811090713909]], "fy": 1829.4074775677102, "fx": 1828.907575651661}, {"id": 41, "img_name": "0042", "width": 1877, "height": 1055, "position": [0.6839619453336252, 0.8167708222688628, -4.687414944117401], "rotation": [[0.998788294863411, -0.005367886781311864, -0.04891960583797722], [0.005050045336709969, 0.9999653456253139, -0.006618503648393007], [0.04895343793787329, 0.006363437746189949, 0.9987807905512166]], "fy": 1829.4074775677102, "fx": 1828.907575651661}, {"id": 42, "img_name": "0043", "width": 1877, "height": 1055, "position": [0.34847894912047817, 0.9339146439963505, -4.6041933580966825], "rotation": [[0.9982279518192831, -0.008553318259762209, 0.05888800347631145], [0.008950555328281738, 0.9999389131950824, -0.006485170587778539], [-0.05882893646832499, 0.007000758886323601, 0.9982435302114517]], "fy": 1829.4074775677102, "fx": 1828.907575651661}, {"id": 43, "img_name": "0044", "width": 1877, "height": 1055, "position": [-0.0756463561035775, 0.8742274821132594, -4.475025319495395], "rotation": [[0.9880023609596138, -0.01447345783161941, 0.15375907698937796], [0.015374874396942899, 0.9998708704799366, -0.004674997644079295], [-0.15367155877229643, 0.006982935205932536, 0.9880973082851721]], "fy": 1829.4074775677102, "fx": 1828.907575651661}, {"id": 44, "img_name": "0045", "width": 1877, "height": 1055, "position": [-0.5677029853022969, 0.8373357273059863, -4.3929531694593456], "rotation": [[0.9526833336854579, -0.031811458283385635, 0.3022953801166119], [0.033189410743914946, 0.9994489122295759, 0.000578668807740244], [-0.3021471971282112, 0.009481717407820367, 0.9532141251065073]], "fy": 1829.4074775677102, "fx": 1828.907575651661}, {"id": 45, "img_name": "0046", "width": 1877, "height": 1055, "position": [-1.01073297101227, 0.73927815532174, -4.306929940729917], "rotation": [[0.8796036552271649, -0.0777710332773188, 0.4693070168812617], [0.07849460113271983, 0.9967509954667902, 0.018056872070706095], [-0.4691865378546425, 0.02095517642351886, 0.8828504252006866]], "fy": 1829.4074775677102, "fx": 1828.907575651661}, {"id": 46, "img_name": "0047", "width": 1877, "height": 1055, "position": [-1.391776767705273, 0.4869837270192745, -4.28496016867849], "rotation": [[0.8191394661653603, -0.12955745646896177, 0.5587713310860011], [0.1320685611768263, 0.9905840888254482, 0.03607018317862545], [-0.5581831510526014, 0.04424961512996219, 0.8285369885779625]], "fy": 1829.4074775677102, "fx": 1828.907575651661}, {"id": 47, "img_name": "0048", "width": 1877, "height": 1055, "position": [-1.8272970932653112, 0.6561376419050065, -4.218413307934705], "rotation": [[0.7849171692869539, -0.1560686393696836, 0.5996228957968923], [0.15895436214171227, 0.9860898379379371, 0.04858335385349794], [-0.5988643820721654, 0.057178766345807396, 0.7988066352782098]], "fy": 1829.4074775677102, "fx": 1828.907575651661}, {"id": 48, "img_name": "0049", "width": 1877, "height": 1055, "position": [-2.1571926299016893, 0.7506573861184224, -3.8702915369771564], "rotation": [[0.752680819259602, -0.1679839771634799, 0.6365948222653354], [0.1636120472406244, 0.984295223361674, 0.06628733864867584], [-0.6377324535543304, 0.054261373772988966, 0.7683443375205165]], "fy": 1829.4074775677102, "fx": 1828.907575651661}, {"id": 49, "img_name": "0050", "width": 1877, "height": 1055, "position": [-2.4714464302494727, 0.6360088248849712, -3.476036847757919], "rotation": [[0.6859842452185249, -0.1802725820923393, 0.7049307848702107], [0.17199001010219697, 0.9815412781770475, 0.0836430251701455], [-0.7069972077292928, 0.06386325532204089, 0.7043269360763188]], "fy": 1829.4074775677102, "fx": 1828.907575651661}, {"id": 50, "img_name": "0051", "width": 1877, "height": 1055, "position": [-2.7302195889389784, 0.6701584069914396, -3.162548136075422], "rotation": [[0.6260473017378926, -0.18196348965045506, 0.7582572547763277], [0.16761782651656215, 0.9810644814754799, 0.09703992694304488], [-0.7615569842241404, 0.06634584856248768, 0.644693096099187]], "fy": 1829.4074775677102, "fx": 1828.907575651661}, {"id": 51, "img_name": "0052", "width": 1877, "height": 1055, "position": [-2.992567213803421, 0.5380511165242913, -2.7753609779486292], "rotation": [[0.52895137595084, -0.18696338145264868, 0.8278013867320495], [0.16212317897689482, 0.979727940640169, 0.1176827819496105], [-0.8330225187341207, 0.07195732294051271, 0.5485395400124734]], "fy": 1829.4074775677102, "fx": 1828.907575651661}, {"id": 52, "img_name": "0053", "width": 1877, "height": 1055, "position": [-3.1213900478219387, 0.4562791805877291, -2.5543353165631215], "rotation": [[0.41534736336920575, -0.20237960294949559, 0.8868647383069491], [0.17221599757009784, 0.9748008372151361, 0.1417920235612913], [-0.8932123028279362, 0.09383935248430834, 0.43973396275718873]], "fy": 1829.4074775677102, "fx": 1828.907575651661}, {"id": 53, "img_name": "0054", "width": 1877, "height": 1055, "position": [-3.356370372962449, 0.3154401696317104, -2.3012978054199387], "rotation": [[0.3176431505155818, -0.2225349904365714, 0.9217271868410579], [0.2038314205091019, 0.965370285421149, 0.1628280198219306], [-0.926042969275064, 0.13615575660721957, 0.35200288208896596]], "fy": 1829.4074775677102, "fx": 1828.907575651661}, {"id": 54, "img_name": "0055", "width": 1877, "height": 1055, "position": [-3.7115053409100804, 0.21600979481918103, -2.158801031253809], "rotation": [[0.24152751750784626, -0.23771068053402408, 0.9408284065899307], [0.23602153640360096, 0.9548082186622389, 0.18065187496598453], [-0.9412535751008758, 0.17842336712183515, 0.28671729878876534]], "fy": 1829.4074775677102, "fx": 1828.907575651661}, {"id": 55, "img_name": "0056", "width": 1877, "height": 1055, "position": [-3.945085122805948, 0.10607941613213011, -1.5555018934660538], "rotation": [[0.16486561611647832, -0.2442909724570059, 0.9555842450556331], [0.24747618799145465, 0.9480947205098326, 0.19967958663469051], [-0.9547642981384213, 0.2035640481946481, 0.21676441885801911]], "fy": 1829.4074775677102, "fx": 1828.907575651661}, {"id": 56, "img_name": "0057", "width": 1877, "height": 1055, "position": [-3.8677752801634404, 0.18385578026796892, -1.2769119932783939], "rotation": [[0.08104357964457881, -0.24660217140562643, 0.9657221687713411], [0.23323098254491148, 0.9467010125790505, 0.22217223400536731], [-0.9690383103776278, 0.2072306971465147, 0.13423930564719658]], "fy": 1829.4074775677102, "fx": 1828.907575651661}, {"id": 57, "img_name": "0058", "width": 1877, "height": 1055, "position": [-3.8175997402782067, 0.08189223109612183, -0.8062596300585224], "rotation": [[-0.01582607752937301, -0.24085944008766325, 0.9704309688951045], [0.22949602117995097, 0.9437664808080083, 0.23798404561196695], [-0.9731809243571337, 0.22647640014784018, 0.04034016166885846]], "fy": 1829.4074775677102, "fx": 1828.907575651661}, {"id": 58, "img_name": "0059", "width": 1877, "height": 1055, "position": [-3.8443054338178007, -0.12388735889656519, -0.29040797433900367], "rotation": [[-0.13868625993591438, -0.24004497480668, 0.9608041066601705], [0.2318686071309046, 0.9353429378460759, 0.2671526485899886], [-0.96280998661842, 0.25983071160186605, -0.07406031985014468]], "fy": 1829.4074775677102, "fx": 1828.907575651661}, {"id": 59, "img_name": "0060", "width": 1877, "height": 1055, "position": [-3.875641729163101, -0.21695767041395547, -0.08148289312228003], "rotation": [[-0.2503340695173681, -0.23554682102294366, 0.9390689797586004], [0.23474008866981091, 0.9262437360742192, 0.29490614126287995], [-0.9392709643176258, 0.2942621900436033, -0.17657808216361237]], "fy": 1829.4074775677102, "fx": 1828.907575651661}, {"id": 60, "img_name": "0061", "width": 1877, "height": 1055, "position": [-3.9214170195002183, -0.25237949743313626, 0.23806322849949316], "rotation": [[-0.33577317782643357, -0.22295125711247732, 0.9151770921544661], [0.2408356510827559, 0.9189703579581209, 0.3122365615392735], [-0.9106341538839201, 0.3252479333466847, -0.25487098625349097]], "fy": 1829.4074775677102, "fx": 1828.907575651661}, {"id": 61, "img_name": "0062", "width": 1877, "height": 1055, "position": [-3.9005888499428054, -0.0716509982393625, 0.9332559206087885], "rotation": [[-0.3721651455108559, -0.1980068551664014, 0.9068000825838046], [0.24679526551126652, 0.9206998744700969, 0.30233067669684355], [-0.8947542687174542, 0.3363109074321849, -0.29378524836014747]], "fy": 1829.4074775677102, "fx": 1828.907575651661}, {"id": 62, "img_name": "0063", "width": 1877, "height": 1055, "position": [-3.8503454423691554, -0.07772273527956557, 1.105667059926267], "rotation": [[-0.41623470405168006, -0.1663122172075032, 0.8939177353372816], [0.2597053523013372, 0.920428798931198, 0.2921711075450663], [-0.8713792521795825, 0.35376697486565456, -0.33992223576187924]], "fy": 1829.4074775677102, "fx": 1828.907575651661}, {"id": 63, "img_name": "0064", "width": 1877, "height": 1055, "position": [-3.62888592245994, -0.2361283544167034, 1.1962635108632658], "rotation": [[-0.489220194385888, -0.13606124372291542, 0.8614818276444414], [0.2709439327795802, 0.9151740334889467, 0.29840555242405753], [-0.8290072295794335, 0.37939929676285117, -0.4108566500872119]], "fy": 1829.4074775677102, "fx": 1828.907575651661}, {"id": 64, "img_name": "0065", "width": 1877, "height": 1055, "position": [-3.289869678089939, -0.2760753292116203, 1.6224378385818272], "rotation": [[-0.5580653660438266, -0.1217365116407202, 0.8208186577776595], [0.2648375877508007, 0.9113168255757522, 0.315218488570818], [-0.786399452782558, 0.39329615451474065, -0.47633395376270454]], "fy": 1829.4074775677102, "fx": 1828.907575651661}, {"id": 65, "img_name": "0066", "width": 1877, "height": 1055, "position": [-2.7857607724726026, -0.31589651096122234, 1.8834261737606237], "rotation": [[-0.6326673376428149, -0.11421410411549207, 0.7659550759026588], [0.24714509123013625, 0.9075683666984256, 0.33946864899309886], [-0.7339287048213877, 0.40407276348381566, -0.5459614071065392]], "fy": 1829.4074775677102, "fx": 1828.907575651661}, {"id": 66, "img_name": "0067", "width": 1877, "height": 1055, "position": [-2.5468554558250185, -0.5724784432119552, 2.238559083244129], "rotation": [[-0.6985842977853387, -0.11175513295646101, 0.7067466088674563], [0.21930449696959653, 0.9067500329008823, 0.3601526279831389], [-0.6810914156680274, 0.4065896802577911, -0.6089329317841085]], "fy": 1829.4074775677102, "fx": 1828.907575651661}, {"id": 67, "img_name": "0068", "width": 1877, "height": 1055, "position": [-2.2281970996778053, -0.6847527291286395, 2.3822544391759175], "rotation": [[-0.8023284472526255, -0.10324050310530347, 0.5878864356725325], [0.17435550904956018, 0.9014320706620292, 0.39625796956784987], [-0.5708495591600816, 0.42043028018986706, -0.705244043084527]], "fy": 1829.4074775677102, "fx": 1828.907575651661}, {"id": 68, "img_name": "0069", "width": 1877, "height": 1055, "position": [-1.8383216757992167, -0.6212108607410896, 2.6432257724351085], "rotation": [[-0.8752526945067916, -0.0770776487772014, 0.47748482365157846], [0.15062425254059691, 0.8946899184151833, 0.42052619946065073], [-0.4596140286209583, 0.43998748385063285, -0.7714699986062978]], "fy": 1829.4074775677102, "fx": 1828.907575651661}, {"id": 69, "img_name": "0070", "width": 1877, "height": 1055, "position": [-1.5265667428529583, -0.7615132115116934, 2.90592345676388], "rotation": [[-0.9265471051099978, -0.025882598337415547, 0.3752872941035789], [0.15125787721275571, 0.8877968547274471, 0.43466975891720727], [-0.34442926210380703, 0.4595071662546257, -0.8186706587922093]], "fy": 1829.4074775677102, "fx": 1828.907575651661}, {"id": 70, "img_name": "0071", "width": 1877, "height": 1055, "position": [-1.0244166116096256, -0.7692865230881865, 3.078199594935109], "rotation": [[-0.95876054787335, 0.020268409667207908, 0.28349145209539456], [0.14993532560670836, 0.8834355983515849, 0.4439154668406894], [-0.24144898006991766, 0.468114019374275, -0.8500421488893692]], "fy": 1829.4074775677102, "fx": 1828.907575651661}, {"id": 71, "img_name": "0072", "width": 1877, "height": 1055, "position": [-0.44310360287576694, -0.6636151520720199, 2.9759995947657867], "rotation": [[-0.9732909666360674, 0.02950916737905889, 0.2276706026372825], [0.1329765591520815, 0.8808671023616148, 0.454302083082529], [-0.1871414678276882, 0.4724429669469605, -0.8612640210769581]], "fy": 1829.4074775677102, "fx": 1828.907575651661}, {"id": 72, "img_name": "0073", "width": 1877, "height": 1055, "position": [-0.029996494106851578, -0.8102083965926643, 2.8897334899744687], "rotation": [[-0.9836511952686734, 0.032049281885152055, 0.17720939472035893], [0.11235143857457637, 0.8782580944587721, 0.46480089690949355], [-0.14073905036177098, 0.47711168823273714, -0.8675004072938377]], "fy": 1829.4074775677102, "fx": 1828.907575651661}, {"id": 73, "img_name": "0074", "width": 1877, "height": 1055, "position": [-0.012404956787483363, -0.931174861733956, 2.7190106079619856], "rotation": [[-0.9901264339396542, 0.027058843679210475, 0.13754077138320547], [0.09392590608254815, 0.8564185689420631, 0.5076663854716018], [-0.10405560523352642, 0.5155725494534913, -0.8505041900364224]], "fy": 1829.4074775677102, "fx": 1828.907575651661}, {"id": 74, "img_name": "0075", "width": 1877, "height": 1055, "position": [0.16630188013048747, -1.1752088772769538, 2.340788279697598], "rotation": [[-0.9974434006159817, 0.025880589080148387, 0.06660974160353997], [0.059021010267305905, 0.8238680550239357, 0.563700229074021], [-0.04028874426750515, 0.5661904476586845, -0.8232892529757727]], "fy": 1829.4074775677102, "fx": 1828.907575651661}, {"id": 75, "img_name": "0076", "width": 1877, "height": 1055, "position": [0.35757576063304153, -1.5683067839778164, 2.179351066504587], "rotation": [[-0.9995234037569767, 0.026881352009333295, 0.015177557649944658], [0.030311184857571373, 0.7614769392128465, 0.6474828979359721], [0.0058478555554337145, 0.6476343597750084, -0.7619288277944449]], "fy": 1829.4074775677102, "fx": 1828.907575651661}, {"id": 76, "img_name": "0077", "width": 1877, "height": 1055, "position": [0.3637963166901666, -1.756558848441192, 1.7007988501277327], "rotation": [[-0.9991221991723321, 0.03099877085689104, -0.028176361127795032], [0.0007061936660966584, 0.6849843214528971, 0.7285574655812814], [0.04188475153976589, 0.7278980392672286, -0.684404932784222]], "fy": 1829.4074775677102, "fx": 1828.907575651661}, {"id": 77, "img_name": "0126", "width": 1877, "height": 1055, "position": [-2.7336389751407193, -0.24705216451945572, -0.2513452676759866], "rotation": [[-0.14061329522142796, -0.42246064100910474, 0.8954076769858227], [0.1924286925807547, 0.8754851749931691, 0.4432797160245903], [-0.9711843797542423, 0.23463315018418912, -0.04181130655708843]], "fy": 1829.4074775677102, "fx": 1828.907575651661}, {"id": 78, "img_name": "0127", "width": 1877, "height": 1055, "position": [-2.7717189309160863, 0.027592082765302006, -0.1739820375993752], "rotation": [[-0.11506075821579291, -0.3444966002021961, 0.9317097801182165], [0.19918199320916558, 0.9108893297776658, 0.3613961295841709], [-0.9731842351271578, 0.2271623237826273, -0.03619009745283918]], "fy": 1829.4074775677102, "fx": 1828.907575651661}, {"id": 79, "img_name": "0128", "width": 1877, "height": 1055, "position": [-2.8082298797855167, 0.1972493498438256, 0.22369338803726785], "rotation": [[-0.10858481196715719, -0.2695398047379298, 0.9568477581474996], [0.18836365145599815, 0.9395227300618432, 0.28603526794313994], [-0.9760781082578487, 0.2112944233977301, -0.05124639714946224]], "fy": 1829.4074775677102, "fx": 1828.907575651661}, {"id": 80, "img_name": "0129", "width": 1877, "height": 1055, "position": [-2.7941648116257087, 0.32734248066382116, 0.3607780271937443], "rotation": [[-0.1454646631574842, -0.2134550155958518, 0.9660626212049891], [0.15750181200655314, 0.9589999821001598, 0.23561030017073845], [-0.9767462367407063, 0.1864295863023564, -0.10588105762599942]], "fy": 1829.4074775677102, "fx": 1828.907575651661}, {"id": 81, "img_name": "0130", "width": 1877, "height": 1055, "position": [-2.681712671236129, 0.13142650009291656, 0.7067531406483462], "rotation": [[-0.36753763750912977, -0.18967386172967726, 0.9104613727065844], [0.09280916473029874, 0.966614249457165, 0.23883750059072775], [-0.925366167501423, 0.17228093023580085, -0.33766364494984547]], "fy": 1829.4074775677102, "fx": 1828.907575651661}, {"id": 82, "img_name": "0131", "width": 1877, "height": 1055, "position": [-2.430022771561734, 0.08891779620586966, 1.2246055359628802], "rotation": [[-0.4796911970747556, -0.19120627529710632, 0.8563506966984932], [0.06308709841581318, 0.9659262260865232, 0.2510110431270316], [-0.8751664832833014, 0.17443246843765697, -0.45128365856995567]], "fy": 1829.4074775677102, "fx": 1828.907575651661}, {"id": 83, "img_name": "0132", "width": 1877, "height": 1055, "position": [-2.3123941206726184, 0.10371925538017346, 1.5880709950000276], "rotation": [[-0.6407090870028087, -0.19892610956056112, 0.7415660919750348], [0.014037795872086442, 0.9626562714554744, 0.2703624295542883], [-0.7676553954210704, 0.18363361882439583, -0.6139901366621257]], "fy": 1829.4074775677102, "fx": 1828.907575651661}, {"id": 84, "img_name": "0133", "width": 1877, "height": 1055, "position": [-2.1345354923022217, 0.10270142413836386, 1.9486746716711782], "rotation": [[-0.7104953690561163, -0.20090101727675158, 0.6744146438260216], [-0.007446317649315529, 0.9604739208507835, 0.27827037161542745], [-0.7036624779702827, 0.19268790471300715, -0.6839082456543658]], "fy": 1829.4074775677102, "fx": 1828.907575651661}, {"id": 85, "img_name": "0134", "width": 1877, "height": 1055, "position": [-1.899733125751253, 0.22026767256806615, 2.298545281837047], "rotation": [[-0.75606192254579, -0.20006352555777732, 0.6231732945319113], [-0.027343136209739393, 0.9609600832959844, 0.2753326555532247], [-0.6539286827923817, 0.19112902462255082, -0.7320156922964512]], "fy": 1829.4074775677102, "fx": 1828.907575651661}, {"id": 86, "img_name": "0135", "width": 1877, "height": 1055, "position": [-1.7834928661631617, 0.3193646705775341, 2.3162593520933186], "rotation": [[-0.8060683030397717, -0.19253231892796868, 0.559629517630013], [-0.040305419757157575, 0.9612671081549313, 0.2726554967677252], [-0.5904484431114891, 0.197222850977453, -0.7826070425696052]], "fy": 1829.4074775677102, "fx": 1828.907575651661}, {"id": 87, "img_name": "0136", "width": 1877, "height": 1055, "position": [-1.693499335349951, 0.1986622420653718, 2.363123811481943], "rotation": [[-0.8360026697705213, -0.16300214538231927, 0.5239559492336376], [-0.020924019651775292, 0.9636353048643156, 0.2664004215850072], [-0.5483262911243388, 0.21174819909462922, -0.8090123476449591]], "fy": 1829.4074775677102, "fx": 1828.907575651661}, {"id": 88, "img_name": "0137", "width": 1877, "height": 1055, "position": [-1.431397396063081, 0.11253486339404964, 2.450254495277903], "rotation": [[-0.881410542787672, -0.11633080218817081, 0.457801921713963], [0.0044318466824247275, 0.9671192475740567, 0.2542847217328912], [-0.47233019572934815, 0.22615814253315547, -0.8519135406649128]], "fy": 1829.4074775677102, "fx": 1828.907575651661}, {"id": 89, "img_name": "0138", "width": 1877, "height": 1055, "position": [-1.0934009040603936, 0.1307105733560667, 2.513067122397739], "rotation": [[-0.9119978176844962, -0.07620718832984487, 0.4030538983629549], [0.032240573057744, 0.9662339108826373, 0.2556414968453907], [-0.4089260642067511, 0.24613917588897385, -0.8787462546748477]], "fy": 1829.4074775677102, "fx": 1828.907575651661}, {"id": 90, "img_name": "0139", "width": 1877, "height": 1055, "position": [-0.9279523920467895, 0.2529565418490226, 2.5910866691281127], "rotation": [[-0.9304493395182563, -0.053617827784322, 0.3624764201072], [0.04002007168534485, 0.9684478255797766, 0.2459821192528073], [-0.36422852778487913, 0.24338023270901282, -0.8989458503570538]], "fy": 1829.4074775677102, "fx": 1828.907575651661}, {"id": 91, "img_name": "0140", "width": 1877, "height": 1055, "position": [-0.859065937819964, 0.20841247998550413, 2.5799260199954825], "rotation": [[-0.9388197503500773, -0.045746421359840084, 0.34135720482419285], [0.03263987214028542, 0.9748605251113169, 0.2204123302502683], [-0.34285873927797705, 0.21806930437926264, -0.9137251574670908]], "fy": 1829.4074775677102, "fx": 1828.907575651661}, {"id": 92, "img_name": "0141", "width": 1877, "height": 1055, "position": [-0.7625803580101725, 0.22064877623219553, 2.5832290946001115], "rotation": [[-0.9410151567339765, -0.04335252789406317, 0.335575674210934], [0.0324967331890032, 0.9755944213683121, 0.21716235246255466], [-0.3368002926497706, 0.21525817828882265, -0.9166403218006532]], "fy": 1829.4074775677102, "fx": 1828.907575651661}]